P-T table bewteen 10**0 and 10**6 Pa, centred on an idealised average ice giant temperature profile.
*PTVAL
 1.0000000E+00  1.3509819E+02  1.4509819E+02  1.5509819E+02  1.6509819E+02  1.7509819E+02
 1.3182567E+00  1.3113541E+02  1.4113541E+02  1.5113541E+02  1.6113541E+02  1.7113541E+02
 1.7378008E+00  1.2719123E+02  1.3719123E+02  1.4719123E+02  1.5719123E+02  1.6719123E+02
 2.2908677E+00  1.2322639E+02  1.3322639E+02  1.4322639E+02  1.5322639E+02  1.6322639E+02
 3.0199517E+00  1.1926095E+02  1.2926095E+02  1.3926095E+02  1.4926095E+02  1.5926095E+02
 3.9810717E+00  1.1530623E+02  1.2530623E+02  1.3530623E+02  1.4530623E+02  1.5530623E+02
 5.2480746E+00  1.1134912E+02  1.2134912E+02  1.3134912E+02  1.4134912E+02  1.5134912E+02
 6.9183097E+00  1.0741551E+02  1.1741551E+02  1.2741551E+02  1.3741551E+02  1.4741551E+02
 9.1201084E+00  1.0348344E+02  1.1348344E+02  1.2348344E+02  1.3348344E+02  1.4348344E+02
 1.2022644E+01  9.9589629E+01  1.0958963E+02  1.1958963E+02  1.2958963E+02  1.3958963E+02
 1.5848932E+01  9.5782250E+01  1.0578225E+02  1.1578225E+02  1.2578225E+02  1.3578225E+02
 2.0892961E+01  9.1956186E+01  1.0195619E+02  1.1195619E+02  1.2195619E+02  1.3195619E+02
 2.7542287E+01  8.8306106E+01  9.8306106E+01  1.0830611E+02  1.1830611E+02  1.2830611E+02
 3.6307805E+01  8.4733360E+01  9.4733360E+01  1.0473336E+02  1.1473336E+02  1.2473336E+02
 4.7863009E+01  8.1267554E+01  9.1267554E+01  1.0126755E+02  1.1126755E+02  1.2126755E+02
 6.3095734E+01  7.7871463E+01  8.7871463E+01  9.7871463E+01  1.0787146E+02  1.1787146E+02
 8.3176377E+01  7.4433579E+01  8.4433579E+01  9.4433579E+01  1.0443358E+02  1.1443358E+02
 1.0964782E+02  7.0865466E+01  8.0865466E+01  9.0865466E+01  1.0086547E+02  1.1086547E+02
 1.4454398E+02  6.7148474E+01  7.7148474E+01  8.7148474E+01  9.7148474E+01  1.0714847E+02
 1.9054607E+02  6.3152949E+01  7.3152949E+01  8.3152949E+01  9.3152949E+01  1.0315295E+02
 2.5118864E+02  5.8958689E+01  6.8958689E+01  7.8958689E+01  8.8958689E+01  9.8958689E+01
 3.3113112E+02  5.4582286E+01  6.4582286E+01  7.4582286E+01  8.4582286E+01  9.4582286E+01
 4.3651583E+02  5.0189601E+01  6.0189601E+01  7.0189601E+01  8.0189601E+01  9.0189601E+01
 5.7543994E+02  4.6184459E+01  5.6184459E+01  6.6184459E+01  7.6184459E+01  8.6184459E+01
 7.5857758E+02  4.2885178E+01  5.2885178E+01  6.2885178E+01  7.2885178E+01  8.2885178E+01
 1.0000000E+03  4.0133354E+01  5.0133354E+01  6.0133354E+01  7.0133354E+01  8.0133354E+01
 1.3182567E+03  3.7718399E+01  4.7718399E+01  5.7718399E+01  6.7718399E+01  7.7718399E+01
 1.7378008E+03  3.5656027E+01  4.5656027E+01  5.5656027E+01  6.5656027E+01  7.5656027E+01
 2.2908677E+03  3.4310710E+01  4.4310710E+01  5.4310710E+01  6.4310710E+01  7.4310710E+01
 3.0199517E+03  3.3515102E+01  4.3515102E+01  5.3515102E+01  6.3515102E+01  7.3515102E+01
 3.9810717E+03  3.2970492E+01  4.2970492E+01  5.2970492E+01  6.2970492E+01  7.2970492E+01
 5.2480746E+03  3.2440901E+01  4.2440901E+01  5.2440901E+01  6.2440901E+01  7.2440901E+01
 6.9183097E+03  3.2125476E+01  4.2125476E+01  5.2125476E+01  6.2125476E+01  7.2125476E+01
 9.1201084E+03  3.1954473E+01  4.1954473E+01  5.1954473E+01  6.1954473E+01  7.1954473E+01
 1.2022644E+04  3.2000076E+01  4.2000076E+01  5.2000076E+01  6.2000076E+01  7.2000076E+01
 1.5848932E+04  3.2744009E+01  4.2744009E+01  5.2744009E+01  6.2744009E+01  7.2744009E+01
 2.0892961E+04  3.3948532E+01  4.3948532E+01  5.3948532E+01  6.3948532E+01  7.3948532E+01
 2.7542287E+04  3.5677579E+01  4.5677579E+01  5.5677579E+01  6.5677579E+01  7.5677579E+01
 3.6307805E+04  3.7800076E+01  4.7800076E+01  5.7800076E+01  6.7800076E+01  7.7800076E+01
 4.7863009E+04  4.0712173E+01  5.0712173E+01  6.0712173E+01  7.0712173E+01  8.0712173E+01
 6.3095734E+04  4.5175649E+01  5.5175649E+01  6.5175649E+01  7.5175649E+01  8.5175649E+01
 8.3176377E+04  5.1733188E+01  6.1733188E+01  7.1733188E+01  8.1733188E+01  9.1733188E+01
 1.0964782E+05  5.9486431E+01  6.9486431E+01  7.9486431E+01  8.9486431E+01  9.9486431E+01
 1.4454398E+05  6.9946863E+01  7.9946863E+01  8.9946863E+01  9.9946863E+01  1.0994686E+02
 1.9054607E+05  8.0373356E+01  9.0373356E+01  1.0037336E+02  1.1037336E+02  1.2037336E+02
 2.5118864E+05  9.1406862E+01  1.0140686E+02  1.1140686E+02  1.2140686E+02  1.3140686E+02
 3.3113112E+05  1.0307790E+02  1.1307790E+02  1.2307790E+02  1.3307790E+02  1.4307790E+02
 4.3651583E+05  1.1554731E+02  1.2554731E+02  1.3554731E+02  1.4554731E+02  1.5554731E+02
 5.7543994E+05  1.2898830E+02  1.3898830E+02  1.4898830E+02  1.5898830E+02  1.6898830E+02
 7.5857758E+05  1.4318939E+02  1.5318939E+02  1.6318939E+02  1.7318939E+02  1.8318939E+02
 1.0000000E+06  1.5776875E+02  1.6776875E+02  1.7776875E+02  1.8776875E+02  1.9776875E+02
*END